timestamp,elapsed_s,heading_2d_deg,heading_tilt_deg,roll_deg,pitch_deg,accel_x,accel_y,accel_z,raw_x,raw_y,raw_z,corrected_x,corrected_y,corrected_z
2026-08-24T17:26:27.400,0.007,253.020,211.432,4.285,-12.548,-221,76,990,-207,-177,-482,-41.115,-134.646,-536.708
2026-08-24T17:26:27.657,0.264,258.428,243.633,0.848,-5.946,-105,15,1008,-207,-233,-473,-41.115,-200.788,-528.923
2026-08-24T17:26:27.913,0.520,260.363,245.994,-0.114,-6.265,-110,-2,1002,-201,-238,-472,-35.098,-206.693,-528.058
2026-08-24T17:26:28.169,0.776,262.898,237.444,3.512,-9.956,-175,62,995,-193,-247,-474,-27.075,-217.323,-529.788
2026-08-24T17:26:28.425,1.031,246.472,224.694,2.181,-6.613,-118,39,1017,-226,-180,-465,-60.168,-138.189,-522.003
2026-08-24T17:26:28.680,1.287,249.791,249.261,-5.341,-2.180,-38,-93,994,-228,-206,-462,-62.173,-168.898,-519.409
2026-08-24T17:26:28.935,1.542,253.502,241.135,-7.154,-9.666,-182,-135,1060,-226,-235,-451,-60.168,-203.150,-509.894
2026-08-24T17:26:29.191,1.798,263.942,248.252,-2.110,-8.808,-158,-38,1019,-192,-271,-463,-26.073,-245.670,-520.274
2026-08-24T17:26:29.447,2.053,272.332,263.799,0.797,-5.189,-91,14,1002,-153,-334,-462,13.036,-320.079,-519.409
2026-08-24T17:26:29.702,2.309,275.996,267.790,3.873,-5.301,-93,68,1000,-130,-354,-460,36.101,-343.701,-517.679
2026-08-24T17:26:29.957,2.564,276.814,263.954,2.470,-7.546,-131,43,988,-128,-333,-470,38.106,-318.898,-526.328
2026-08-24T17:26:30.213,2.820,268.238,263.329,0.628,-3.142,-55,11,1002,-176,-339,-441,-10.028,-325.985,-501.244
2026-08-24T17:26:30.469,3.076,268.022,272.975,2.466,3.419,61,44,1020,-178,-358,-424,-12.034,-348.426,-486.540
2026-08-24T17:26:30.724,3.331,261.752,265.969,7.656,3.645,63,132,980,-215,-350,-403,-49.137,-338.977,-468.376
2026-08-24T17:26:30.980,3.587,252.378,270.455,13.372,14.689,250,228,926,-273,-349,-343,-107.299,-337.796,-416.478
2026-08-24T17:26:31.235,3.842,245.831,272.380,14.046,22.620,374,236,866,-314,-343,-301,-148.414,-330.709,-380.150
2026-08-24T17:26:31.491,4.097,242.183,277.980,12.962,31.832,522,222,811,-340,-343,-259,-174.486,-330.709,-343.822
2026-08-24T17:26:31.746,4.353,237.638,278.229,13.272,39.913,640,229,730,-372,-339,-208,-206.576,-325.985,-299.709
2026-08-24T17:26:32.002,4.608,235.742,276.767,15.180,45.505,711,261,648,-385,-336,-154,-219.612,-322.441,-253.001
2026-08-24T17:26:32.257,4.864,231.606,275.248,17.576,50.141,755,297,556,-404,-318,-118,-238.665,-301.182,-221.862
2026-08-24T17:26:32.512,5.119,235.861,270.779,12.761,60.872,874,221,434,-396,-351,-15,-230.643,-340.158,-132.771
2026-08-24T17:26:32.769,5.376,237.811,272.071,13.916,75.282,933,232,-79,-381,-353,61,-215.601,-342.520,-67.034
2026-08-24T17:26:33.025,5.631,244.747,257.950,20.832,68.972,937,357,-48,-341,-378,137,-175.489,-372.048,-1.297
2026-08-24T17:26:33.280,5.886,252.955,242.377,31.599,54.809,797,511,-234,-270,-351,258,-104.291,-340.158,103.363
2026-08-24T17:26:33.535,6.142,263.275,216.805,18.980,63.431,836,304,-287,-181,-171,384,-15.042,-127.559,212.348
2026-08-24T17:26:33.791,6.397,307.568,244.283,3.820,39.889,693,72,-826,-60,-180,420,106.296,-138.189,243.486
2026-08-24T17:26:34.047,6.653,329.344,312.885,0.364,26.619,423,6,-844,142,-218,407,308.861,-183.071,232.242
2026-08-24T17:26:34.302,6.909,316.333,292.319,14.952,21.008,396,285,-991,45,-234,415,211.590,-201.969,239.161
2026-08-24T17:26:34.558,7.164,297.423,245.632,-4.703,22.556,407,-87,-976,-111,-153,410,55.154,-106.299,234.837
2026-08-24T17:26:34.813,7.420,347.547,69.534,-34.377,11.224,232,-673,-956,-70,-81,418,96.268,-21.260,241.756
2026-08-24T17:26:35.069,7.676,282.694,300.616,-34.471,3.395,61,-583,-847,-114,-259,390,52.145,-231.496,217.537
2026-08-24T17:26:35.324,7.931,304.871,301.350,-7.616,10.301,197,-146,-1074,8,-275,406,174.486,-250.394,231.377
2026-08-24T17:26:35.580,8.187,320.197,325.215,-7.990,-11.798,-203,-138,-962,169,-300,381,335.937,-279.922,209.753
2026-08-24T17:26:35.835,8.442,322.204,323.074,-1.400,-2.902,-58,-28,-1144,241,-331,335,408.138,-316.536,169.965
2026-08-24T17:26:36.091,8.698,318.836,319.695,-1.260,-4.257,-81,-24,-1088,257,-377,311,424.183,-370.867,149.206
2026-08-24T17:26:36.347,8.953,320.369,321.002,-1.049,-8.535,-154,-19,-1026,309,-397,258,476.328,-394.489,103.363
2026-08-24T17:26:36.602,9.209,324.662,326.882,13.092,-19.172,-361,249,-1008,535,-485,323,702.960,-498.426,159.585
2026-08-24T17:26:36.858,9.465,323.041,322.728,14.595,-30.262,-524,262,-859,457,-461,-106,624.742,-470.080,-211.483
2026-08-24T17:26:37.113,9.720,320.556,329.758,26.636,-37.569,-680,500,-729,431,-480,-232,598.669,-492.521,-320.468
2026-08-24T17:26:37.369,9.975,318.039,238.863,16.280,-58.068,-772,255,-408,337,-447,-425,504.406,-453.544,-487.405
2026-08-24T17:26:37.624,10.231,313.184,207.836,23.545,-66.056,-906,396,71,243,-433,-469,410.143,-437.009,-525.463
2026-08-24T17:26:37.880,10.486,309.808,195.997,26.911,-57.352,-826,444,288,154,-389,-506,320.895,-385.040,-557.467
2026-08-24T17:26:38.138,10.745,300.167,189.648,27.338,-43.018,-566,381,472,25,-342,-518,191.534,-329.528,-567.846
2026-08-24T17:26:38.394,11.001,287.256,155.303,27.081,-16.181,-232,379,704,-91,-268,-508,75.210,-242.126,-559.197
2026-08-24T17:26:38.650,11.256,281.713,146.681,16.408,-11.191,-213,310,1031,-145,-149,-501,21.059,-101.575,-553.142
2026-08-24T17:26:38.905,11.512,270.000,149.888,15.602,-17.403,-377,339,1154,-166,-103,-494,0.000,-47.244,-547.087
2026-08-24T17:26:39.161,11.767,255.359,147.038,9.267,-5.380,-92,158,964,-178,-102,-482,-12.034,-46.063,-536.708
2026-08-24T17:26:39.416,12.023,322.621,145.300,8.854,-12.053,-232,171,1073,-92,-111,-521,74.207,-56.693,-570.441
2026-08-24T17:26:39.672,12.278,319.958,259.265,0.958,-19.284,-316,16,903,12,-190,-544,178.498,-150.000,-590.335
2026-08-24T17:26:39.927,12.534,322.536,172.207,22.057,-40.789,-628,361,632,146,-266,-532,312.872,-239.764,-579.956
2026-08-24T17:26:40.183,12.790,329.997,144.956,27.445,-50.433,-945,565,539,295,-289,-488,462.289,-266.930,-541.898
2026-08-24T17:26:40.438,13.045,331.028,120.103,32.027,-57.543,-646,406,63,419,-338,-385,586.635,-324.804,-452.807
2026-08-24T17:26:40.694,13.301,329.275,293.105,9.212,-53.441,-567,113,-405,484,-391,-257,651.817,-387.402,-342.092
2026-08-24T17:26:40.949,13.556,331.483,334.282,19.518,-50.651,-861,372,-600,506,-373,-112,673.879,-366.142,-216.673
2026-08-24T17:26:41.205,13.811,331.326,341.877,22.924,-28.824,-505,408,-822,493,-369,17,660.842,-361.418,-105.093
2026-08-24T17:26:41.460,14.067,329.268,332.895,15.519,-20.388,-375,288,-967,464,-381,140,631.761,-375.591,1.297
2026-08-24T17:26:41.716,14.322,322.382,324.813,13.710,-20.404,-431,293,-1121,372,-415,275,539.504,-415.749,118.067
2026-08-24T17:26:41.971,14.578,312.752,315.440,22.478,-12.926,-251,429,-1006,263,-457,288,430.199,-465.355,129.312
2026-08-24T17:26:42.227,14.833,307.402,304.228,15.145,3.249,64,295,-1088,142,-405,336,308.861,-403.938,170.830
2026-08-24T17:26:42.482,15.089,298.783,292.281,14.181,5.784,116,282,-1110,-1,-318,388,165.461,-301.182,215.808
2026-08-24T17:26:42.737,15.344,254.198,233.943,-30.320,25.610,387,-452,-669,-242,-291,309,-76.212,-269.292,147.476
2026-08-24T17:26:42.993,15.600,219.227,221.477,-4.563,51.951,871,-88,-676,-355,-194,236,-189.528,-154.725,84.334
2026-08-24T17:26:43.249,15.855,146.087,171.672,-33.788,50.578,839,-604,-333,-392,66,99,-226.632,152.362,-34.166
2026-08-24T17:26:43.507,16.113,160.131,223.609,-29.978,54.755,778,-476,275,-430,18,8,-264.738,95.669,-112.877
2026-08-24T17:26:43.762,16.369,205.861,290.805,-3.936,81.331,965,-67,131,-443,-177,21,-277.774,-134.646,-101.633
2026-08-24T17:26:44.017,16.624,238.933,281.859,24.071,55.206,749,372,364,-381,-366,-96,-215.601,-357.875,-202.833
2026-08-24T17:26:44.273,16.880,228.232,320.240,17.732,56.333,787,288,438,-389,-275,-244,-223.623,-250.394,-330.847
2026-08-24T17:26:44.528,17.135,227.938,289.621,12.162,33.772,533,202,771,-369,-254,-309,-203.568,-225.591,-387.070
2026-08-24T17:26:44.784,17.391,230.324,278.251,2.355,24.597,395,39,862,-336,-237,-367,-170.475,-205.512,-437.237
2026-08-24T17:26:45.040,17.646,241.687,267.369,-0.056,13.790,242,-1,986,-291,-260,-400,-125.349,-232.678,-465.781
2026-08-24T17:26:45.295,17.902,242.835,270.087,0.397,12.922,226,7,985,-276,-245,-419,-110.308,-214.961,-482.215
2026-08-24T17:26:45.551,18.158,271.146,276.859,10.476,4.655,79,177,954,-157,-445,-360,9.025,-451.182,-431.183
2026-08-24T17:26:45.806,18.413,274.162,283.241,23.900,10.387,174,391,865,-124,-553,-215,42.117,-578.741,-305.763
2026-08-24T17:26:46.062,18.669,285.106,319.688,59.159,-0.586,-11,923,551,6,-604,-106,172.481,-638.977,-211.483
2026-08-24T17:26:46.317,18.924,284.806,338.988,75.446,-4.160,-79,1054,262,-1,-593,37,165.461,-625.985,-87.793
2026-08-24T17:26:46.573,19.180,296.042,311.737,61.268,-15.423,-259,854,-390,55,-447,293,221.618,-453.544,133.636
2026-08-24T17:26:46.828,19.435,317.766,324.876,48.803,-19.490,-329,742,-560,135,-295,371,301.842,-274.016,201.103
2026-08-24T17:26:47.084,19.691,26.835,358.322,30.132,-25.282,-456,536,-803,-17,1,404,149.417,75.591,229.647
2026-08-24T17:26:47.339,19.946,70.932,65.247,-0.561,-15.174,-294,-11,-1084,-63,190,309,103.288,298.819,147.476
2026-08-24T17:26:47.595,20.202,76.325,74.685,-16.847,-10.226,-185,-302,-980,-70,272,227,96.268,395.670,76.549
2026-08-24T17:26:47.851,20.457,97.928,105.760,-49.657,3.814,72,-825,-697,-228,315,-7,-62.173,446.457,-125.852
2026-08-24T17:26:48.106,20.713,94.026,212.089,-70.002,-3.491,-95,-1466,-525,-198,323,-90,-32.089,455.906,-197.643
2026-08-24T17:26:48.362,20.968,56.392,267.172,-58.408,-27.395,-531,-983,-289,61,227,-402,227.635,342.520,-467.511
2026-08-24T17:26:48.617,21.224,353.317,255.121,-53.618,-30.470,-519,-824,315,25,-82,-540,191.534,-22.441,-586.875
2026-08-24T17:26:48.874,21.480,287.933,244.481,0.251,-21.556,-335,4,848,-81,-286,-503,85.238,-263.386,-554.872
2026-08-24T17:26:49.129,21.736,282.111,262.658,3.568,-11.357,-193,61,959,-97,-336,-478,69.193,-322.441,-533.248
2026-08-24T17:26:49.385,21.991,281.219,277.322,9.059,-4.544,-80,159,994,-84,-414,-439,82.229,-414.568,-499.514
2026-08-24T17:26:49.640,22.247,282.404,283.876,16.936,-3.340,-59,295,967,-73,-422,-433,93.260,-424.016,-494.325
2026-08-24T17:26:49.896,22.502,282.913,282.087,15.561,-4.325,-79,281,1006,-75,-400,-453,91.254,-398.032,-511.624
2026-08-24T17:26:50.151,22.758,83.665,310.710,-19.552,1.002,15,-287,808,-149,67,-467,17.048,153.544,-523.733
2026-08-24T17:26:50.407,23.014,70.321,268.735,-44.098,-15.504,-237,-617,591,-43,229,-383,123.344,344.882,-451.077
2026-08-24T17:26:50.662,23.269,53.379,278.230,-54.643,-31.605,-489,-761,229,122,266,-344,288.805,388.583,-417.343
2026-08-24T17:26:50.918,23.525,74.747,82.022,-50.870,-38.843,-663,-820,-74,-25,376,-19,141.394,518.505,-136.231
2026-08-24T17:26:51.173,23.780,82.414,78.207,-49.455,-8.475,-186,-959,-799,-102,345,87,64.179,481.891,-44.545
2026-08-24T17:26:51.428,24.035,94.697,95.467,-45.592,1.799,41,-933,-913,-190,185,279,-24.067,292.914,121.527
2026-08-24T17:26:51.684,24.291,54.835,43.366,13.301,-10.874,-296,361,-1498,-10,125,361,156.436,222.048,192.454
2026-08-24T17:26:51.940,24.546,295.721,277.524,22.076,11.926,342,622,-1495,-86,-204,398,80.224,-166.536,224.457
2026-08-24T17:26:52.195,24.802,264.745,260.487,39.729,17.929,380,789,-870,-205,-423,230,-39.109,-425.198,79.144
2026-08-24T17:26:52.450,25.057,268.188,280.246,69.298,20.593,279,742,-28,-184,-546,20,-18.050,-570.473,-102.498
2026-08-24T17:26:52.706,25.312,269.802,327.391,60.370,17.751,282,804,360,-168,-555,-187,-2.006,-581.103,-281.545
2026-08-24T17:26:52.961,25.568,270.478,302.630,37.908,9.881,162,580,727,-162,-470,-356,4.011,-480.709,-427.723
2026-08-24T17:26:53.217,25.824,270.166,281.177,17.661,3.872,67,301,943,-165,-356,-444,1.003,-346.064,-503.839
2026-08-24T17:26:53.472,26.079,281.597,266.871,-2.035,-6.798,-120,-36,1006,-115,-274,-501,51.143,-249.213,-553.142
2026-08-24T17:26:53.728,26.335,287.406,280.131,-1.316,-4.064,-71,-23,999,-70,-323,-496,96.268,-307.087,-548.817
2026-08-24T17:26:53.984,26.590,286.636,265.539,-2.163,-10.823,-194,-39,1014,-84,-296,-501,82.229,-275.197,-553.142
2026-08-24T17:26:54.240,26.846,255.480,258.970,-1.061,3.058,49,-17,917,-263,-381,-347,-97.271,-375.591,-419.938
2026-08-24T17:26:54.495,27.102,238.295,241.523,32.642,32.004,507,516,626,-385,-364,-99,-219.612,-355.512,-205.428
2026-08-24T17:26:54.751,27.358,228.255,235.557,29.185,52.784,730,447,328,-413,-298,42,-247.691,-277.560,-83.469
2026-08-24T17:26:55.006,27.613,257.896,115.452,-83.250,6.064,80,-752,39,-215,-257,342,-49.137,-229.134,176.019
2026-08-24T17:26:55.262,27.869,288.646,253.159,16.605,33.538,870,450,-1233,-104,-219,399,62.173,-184.252,225.322
2026-08-24T17:26:55.518,28.124,8.200,0.578,7.935,32.767,937,239,-1436,210,-17,373,377.051,54.331,202.833
2026-08-24T17:26:55.773,28.380,305.077,304.732,-17.797,-11.996,-136,-200,-608,231,-543,145,398.110,-566.930,5.622
2026-08-24T17:26:56.029,28.636,323.440,322.676,14.469,-29.101,-510,262,-878,428,-437,-176,595.661,-441.733,-272.030
2026-08-24T17:26:56.284,28.891,302.953,76.884,59.376,-25.565,-338,674,-212,131,-452,-423,297.830,-459.450,-485.675
2026-08-24T17:26:56.540,29.146,275.929,68.000,71.967,11.195,186,911,231,-126,-390,-435,40.112,-386.221,-496.055
2026-08-24T17:26:56.795,29.402,291.734,57.804,79.769,0.386,9,1314,-237,42,-506,-367,208.582,-523.229,-437.237
2026-08-24T17:26:57.051,29.658,358.614,11.472,39.209,44.753,470,422,216,126,-69,-534,292.816,-7.087,-581.686
2026-08-24T17:26:57.306,29.913,16.686,6.733,-6.529,35.734,529,-103,728,168,22,-506,334.934,100.394,-557.467
2026-08-24T17:26:57.562,30.169,29.374,12.855,-12.773,9.236,151,-208,905,196,110,-453,363.012,204.331,-511.624
2026-08-24T17:26:57.817,30.424,27.470,359.747,-19.001,-7.041,-125,-332,956,201,99,-461,368.026,191.339,-518.544
2026-08-24T17:26:58.073,30.680,287.732,333.426,9.309,38.903,462,119,560,-79,-294,-503,87.243,-272.835,-554.872
2026-08-24T17:26:58.329,30.935,268.115,277.278,33.088,30.518,333,358,-437,-186,-579,-28,-20.056,-609.450,-144.016
2026-08-24T17:26:58.584,31.191,268.956,269.062,19.590,-2.541,-39,295,-828,-176,-529,174,-10.028,-550.395,30.706
2026-08-24T17:26:58.840,31.446,284.431,285.602,13.735,-8.411,-138,224,-906,-29,-515,247,137.383,-533.859,93.848
2026-08-24T17:26:59.095,31.702,5.312,3.971,-17.006,-30.242,-601,-349,-970,214,-33,378,381.062,35.433,207.158
2026-08-24T17:26:59.351,31.958,37.155,31.570,-24.755,-22.549,-348,-380,-747,221,186,257,388.082,294.095,102.498
2026-08-24T17:26:59.611,32.218,51.626,357.003,-58.370,-31.616,-487,-791,14,194,323,-6,361.006,455.906,-124.987
2026-08-24T17:26:59.867,32.474,45.938,314.408,-58.499,-25.261,-501,-1001,354,217,273,-266,384.071,396.851,-349.876
2026-08-24T17:27:00.122,32.729,42.264,351.945,-36.108,-11.576,-190,-558,741,193,214,-380,360.004,327.166,-448.482
2026-08-24T17:27:00.378,32.985,124.101,47.942,-3.307,13.541,207,-51,858,-229,16,-449,-63.176,93.307,-508.164
2026-08-24T17:27:00.634,33.240,234.038,252.186,-7.062,0.564,10,-125,1009,-213,-118,-480,-47.131,-64.961,-534.978
2026-08-24T17:27:00.890,33.496,277.218,261.010,-3.176,-6.810,-122,-57,1020,-139,-244,-500,27.075,-213.780,-552.277
2026-08-24T17:27:01.145,33.752,292.930,287.889,1.918,-4.129,-71,33,983,-24,-348,-495,142.397,-336.615,-547.952
2026-08-24T17:27:01.401,34.007,295.120,290.729,-0.710,-2.664,-45,-12,967,-18,-331,-504,148.414,-316.536,-555.737
2026-08-24T17:27:01.656,34.263,286.363,270.139,-3.386,-8.492,-140,-56,936,-83,-303,-500,83.232,-283.465,-552.277
2026-08-24T17:27:01.912,34.518,258.831,269.158,3.696,6.675,110,61,938,-226,-321,-416,-60.168,-304.725,-479.620
2026-08-24T17:27:02.167,34.774,226.269,239.612,10.082,23.295,375,166,855,-406,-276,-190,-240.671,-251.575,-284.139
2026-08-24T17:27:02.425,35.031,201.091,279.172,-12.503,75.172,1027,-230,145,-450,-156,18,-284.794,-109.843,-104.228
2026-08-24T17:27:02.680,35.287,172.722,128.461,-0.887,83.397,898,-14,103,-415,-36,131,-249.696,31.890,-6.487
2026-08-24T17:27:02.935,35.542,177.801,189.951,-14.581,70.387,1014,-271,-239,-350,-57,259,-184.514,7.087,104.228
2026-08-24T17:27:03.191,35.798,219.752,228.358,-0.053,72.156,1022,-1,-329,-360,-200,241,-194.542,-161.811,88.658
2026-08-24T17:27:03.447,36.053,305.193,129.565,-34.160,27.841,603,-725,-882,-63,-187,415,103.288,-146.457,239.161
2026-08-24T17:27:03.702,36.309,355.048,335.668,13.284,30.952,1052,470,-1690,269,-95,356,436.216,-37.795,188.129
2026-08-24T17:27:03.958,36.565,36.656,44.162,-26.197,17.067,478,-719,-1381,255,203,229,422.177,314.174,78.279
2026-08-24T17:27:04.213,36.820,35.608,31.066,-14.420,-10.852,-282,-373,-1423,357,255,-116,524.462,375.591,-220.132
2026-08-24T17:27:04.469,37.075,281.552,255.211,8.430,-60.642,-1088,183,-584,-36,-603,-155,130.363,-637.796,-253.866
2026-08-24T17:27:04.730,37.337,252.656,191.127,50.953,-17.115,-205,541,-388,-301,-430,-264,-135.377,-433.465,-348.146
2026-08-24T17:27:04.985,37.592,231.621,188.626,39.721,38.814,665,678,-473,-416,-331,-187,-250.699,-316.536,-281.545
2026-08-24T17:27:05.241,37.847,222.782,237.919,27.596,45.779,789,510,-574,-460,-294,-121,-294.822,-272.835,-224.457
2026-08-24T17:27:05.496,38.103,251.242,9.558,41.689,48.278,560,499,-18,-262,-303,-420,-96.268,-283.465,-483.080
2026-08-24T17:27:05.752,38.358,80.885,46.813,39.202,48.765,583,490,145,-118,191,-390,48.134,300.001,-457.131
2026-08-24T17:27:06.007,38.614,82.906,41.005,-25.231,23.541,342,-365,695,-121,244,-331,45.126,362.599,-406.099
2026-08-24T17:27:06.263,38.870,9.363,15.704,31.115,57.665,1053,644,172,-116,-56,-527,50.140,8.268,-575.631
2026-08-24T17:27:06.519,39.125,247.804,72.383,57.465,31.642,682,1096,154,-339,-423,-249,-173.484,-425.198,-335.172
2026-08-24T17:27:06.774,39.381,269.027,268.673,59.617,12.269,319,1295,-689,-176,-563,121,-10.028,-590.552,-15.137
2026-08-24T17:27:07.030,39.637,254.108,249.667,5.939,6.933,140,120,-1145,-222,-230,372,-56.157,-197.244,201.968
2026-08-24T17:27:07.285,39.892,125.817,66.658,-13.835,-21.183,-340,-225,-848,-200,-23,369,-34.095,47.244,199.373
2026-08-24T17:27:07.541,40.148,45.410,60.346,-37.508,4.537,96,-739,-958,7,86,380,173.484,175.985,208.888
2026-08-24T17:27:07.797,40.403,60.989,61.442,-5.554,27.612,522,-109,-992,92,332,71,258.721,466.536,-58.385
2026-08-24T17:27:08.052,40.659,41.075,28.097,-31.002,45.841,78,-56,-51,234,233,-327,401.118,349.607,-402.639
2026-08-24T17:27:08.308,40.914,25.600,27.140,24.570,37.043,481,332,544,-107,-39,-525,59.165,28.347,-573.901
2026-08-24T17:27:08.563,41.170,22.693,19.813,11.976,29.674,470,197,801,3,-3,-539,169.472,70.866,-586.010
2026-08-24T17:27:08.819,41.426,76.547,61.679,1.647,11.473,173,25,852,-95,189,-430,71.198,297.638,-491.730
2026-08-24T17:27:09.074,41.681,64.325,46.741,-41.104,13.250,205,-588,642,82,375,-84,248.693,517.324,-192.454
2026-08-24T17:27:09.330,41.937,48.353,23.580,-88.425,-0.945,-18,-1091,24,121,211,280,287.802,323.623,122.392
2026-08-24T17:27:09.585,42.192,331.267,351.043,-32.538,-6.049,-96,-490,-762,167,-218,392,333.931,-183.071,219.267
2026-08-24T17:27:09.846,42.453,282.182,284.053,30.519,-8.680,-200,673,-1124,-32,-590,84,134.375,-622.442,-47.140
2026-08-24T17:27:10.102,42.709,295.152,334.511,54.636,7.109,95,626,-434,126,-591,-197,292.816,-623.623,-290.194
2026-08-24T17:27:10.358,42.964,266.373,90.798,75.560,3.246,38,650,163,-194,-438,-349,-28.078,-442.914,-421.668
2026-08-24T17:27:10.614,43.220,97.391,53.193,48.065,34.216,545,721,350,-177,9,-486,-11.031,85.040,-540.168
2026-08-24T17:27:10.869,43.476,55.499,47.723,1.946,7.881,109,27,787,4,147,-467,170.475,248.032,-523.733
2026-08-24T17:27:11.125,43.731,60.590,35.145,-14.411,7.581,132,-249,960,-4,181,-444,162.453,288.189,-503.839
2026-08-24T17:27:11.380,43.986,53.320,28.257,-12.039,10.797,185,-206,948,27,157,-465,193.540,259.843,-522.003
2026-08-24T17:27:11.635,44.242,301.969,320.386,6.574,16.369,192,78,649,56,-365,-484,222.621,-356.694,-538.438
2026-08-24T17:27:11.891,44.497,282.500,297.851,48.427,36.583,478,600,-234,-25,-603,-43,141.394,-637.796,-156.990
2026-08-24T17:27:12.146,44.753,303.748,304.523,29.776,11.908,268,645,-1095,207,-537,150,374.043,-559.843,9.947
2026-08-24T17:27:12.402,45.009,323.463,323.982,12.577,-10.446,-204,245,-1079,260,-331,326,427.191,-316.536,162.180
2026-08-24T17:27:12.657,45.264,343.852,353.541,-28.138,-10.122,-300,-805,-1475,253,-166,366,420.171,-121.654,196.778
2026-08-24T17:27:12.913,45.519,28.580,21.435,-43.396,-8.274,-177,-845,-876,301,153,218,468.306,255.119,68.764
2026-08-24T17:27:13.169,45.776,33.514,336.338,-60.584,-28.372,-647,-1186,-169,348,226,-43,515.437,341.339,-156.990
2026-08-24T17:27:13.425,46.032,19.187,300.345,-66.061,-16.701,-305,-970,304,274,67,-427,441.230,153.544,-489.135
2026-08-24T17:27:13.680,46.287,16.219,338.726,-34.883,4.108,59,-471,673,247,39,-451,414.155,120.473,-509.894
2026-08-24T17:27:13.936,46.543,343.754,3.225,12.684,-27.593,-424,201,786,315,-182,-449,482.345,-140.551,-508.164
2026-08-24T17:27:14.192,46.798,358.158,26.882,22.497,-7.998,-140,385,919,310,-76,-449,477.331,-15.354,-508.164
2026-08-24T17:27:14.447,47.054,7.203,15.507,0.810,-21.849,-395,15,985,300,-13,-446,467.303,59.055,-505.569
2026-08-24T17:27:14.703,47.310,15.697,32.884,1.782,-12.949,-245,34,1065,119,5,-507,285.797,80.315,-558.332
2026-08-24T17:27:14.964,47.570,10.594,11.823,2.696,9.678,168,47,984,67,-26,-525,233.651,43.701,-573.901
2026-08-24T17:27:15.219,47.826,64.618,5.477,-1.987,24.105,377,-32,842,-147,-29,-494,19.053,40.158,-547.087
2026-08-24T17:27:15.475,48.082,125.525,21.175,-14.932,65.776,814,-230,285,-314,113,-339,-148.414,207.874,-413.018
2026-08-24T17:27:15.730,48.337,127.495,62.512,-23.624,62.285,919,-416,-245,-391,186,-101,-225.629,294.095,-207.158
2026-08-24T17:27:15.986,48.593,123.454,121.511,-22.003,34.228,551,-367,-722,-359,185,81,-193.540,292.914,-49.735
2026-08-24T17:27:16.242,48.848,97.284,95.687,-4.454,-6.242,-105,-75,-957,-208,216,229,-42.117,329.528,78.279
2026-08-24T17:27:16.497,49.104,56.367,52.925,-6.730,-29.125,-569,-137,-1012,62,228,275,228.637,343.701,118.067
2026-08-24T17:27:16.753,49.360,61.374,57.560,-14.615,-16.865,-330,-287,-1050,-4,189,308,162.453,297.638,146.611
2026-08-24T17:27:17.008,49.615,57.645,54.162,-16.224,-17.733,-387,-355,-1157,28,197,300,194.542,307.087,139.691
2026-08-24T17:27:17.264,49.871,89.360,91.224,-10.828,2.137,53,-267,-1395,-164,89,339,2.006,179.528,173.425
2026-08-24T17:27:17.520,50.126,193.981,145.575,-35.522,-6.981,-132,-631,-874,-289,-89,314,-123.344,-30.709,151.801
2026-08-24T17:27:17.775,50.382,267.039,305.444,-2.001,-61.710,-1034,-41,-555,-178,-260,360,-12.034,-232.678,191.589
2026-08-24T17:27:18.030,50.637,2.913,359.959,-50.064,-36.701,-834,-1070,-327,158,-49,398,324.906,16.535,224.457
2026-08-24T17:27:18.286,50.893,49.164,40.521,-60.758,-21.926,-594,-1388,-501,4,104,361,170.475,197.244,192.454
2026-08-24T17:27:18.542,51.149,59.444,16.269,-56.901,-20.730,-469,-1110,-551,117,344,-33,283.791,480.709,-148.341
2026-08-24T17:27:18.797,51.404,47.803,110.437,1.746,-62.732,-350,12,180,196,276,-279,363.012,400.394,-361.121
2026-08-24T17:27:19.053,51.660,45.376,44.186,2.967,4.666,55,35,673,156,214,-390,322.900,327.166,-457.131
2026-08-24T17:27:19.309,51.915,53.412,43.779,5.293,12.775,338,141,1484,1,128,-475,167.467,225.591,-530.653
2026-08-24T17:27:19.564,52.171,75.963,34.154,-1.024,25.721,583,-24,1210,-118,100,-470,48.134,192.520,-526.328
2026-08-24T17:27:19.820,52.427,103.150,44.994,12.190,36.170,559,200,738,-207,86,-441,-41.115,175.985,-501.244
2026-08-24T17:27:20.079,52.686,89.046,32.054,7.568,44.404,850,160,853,-163,90,-458,3.008,180.709,-515.949
2026-08-24T17:27:20.335,52.941,80.640,45.976,3.539,39.556,619,60,747,-113,210,-386,53.148,322.441,-453.672
2026-08-24T17:27:20.590,53.197,67.279,56.144,-11.964,9.443,205,-259,1205,15,304,-282,181.506,433.465,-363.716
2026-08-24T17:27:20.845,53.452,51.326,49.194,-81.483,7.694,93,-687,44,48,164,320,214.598,268.111,156.990
2026-08-24T17:27:21.102,53.709,33.762,62.133,-24.034,0.320,9,-656,-1471,-92,-21,401,74.207,49.606,227.052
2026-08-24T17:27:21.358,53.964,241.249,229.788,-43.038,-1.726,-29,-657,-703,-345,-340,180,-179.500,-327.166,35.896
2026-08-24T17:27:21.613,54.220,238.047,222.843,46.594,-17.659,-276,661,-561,-393,-372,20,-227.635,-364.961,-102.498
2026-08-24T17:27:21.869,54.475,225.324,237.433,-10.625,25.265,713,-308,-1479,-442,-300,7,-276.772,-279.922,-113.742
2026-08-24T17:27:22.124,54.731,134.815,3.146,-13.832,52.997,1109,-332,-767,-276,31,-418,-110.308,111.024,-481.350
2026-08-24T17:27:22.380,54.987,41.787,14.689,-12.887,20.586,268,-170,693,62,110,-480,228.637,204.331,-534.978
2026-08-24T17:27:22.635,55.242,39.133,32.320,-14.987,-15.114,-245,-243,874,193,185,-391,360.004,292.914,-457.996
2026-08-24T17:27:22.891,55.498,39.212,51.296,-5.096,-17.712,-298,-87,929,179,176,-408,345.965,282.284,-472.701
2026-08-24T17:27:23.146,55.753,52.589,79.270,16.836,-27.754,-328,204,589,143,280,-295,309.864,405.119,-374.960
2026-08-24T17:27:23.402,56.009,56.461,324.109,-39.921,-20.484,-361,-662,704,69,238,-375,235.657,355.512,-444.157
2026-08-24T17:27:23.657,56.264,242.534,232.833,-37.232,-25.223,-524,-744,827,-256,-210,-432,-90.252,-173.622,-493.460
2026-08-24T17:27:23.913,56.520,304.842,313.705,4.014,7.460,115,62,876,98,-385,-465,264.738,-380.316,-522.003
2026-08-24T17:27:24.170,56.777,263.626,273.732,16.359,6.667,108,262,886,-206,-367,-397,-40.112,-359.056,-463.186
2026-08-24T17:27:24.425,57.032,223.867,261.130,-4.228,18.365,312,-73,937,-340,-205,-354,-174.486,-167.717,-425.993
2026-08-24T17:27:24.681,57.288,212.360,283.398,-9.538,24.439,397,-159,859,-324,-148,-383,-158.442,-100.394,-451.077
2026-08-24T17:27:24.937,57.543,251.778,287.140,-4.919,13.795,228,-82,925,-223,-210,-455,-57.159,-173.622,-513.354
2026-08-24T17:27:25.197,57.804,269.477,286.942,-6.028,9.214,154,-101,944,-168,-249,-478,-2.006,-219.685,-533.248
2026-08-24T17:27:25.453,58.060,263.626,257.241,-0.481,-3.606,-60,-8,952,-196,-291,-448,-30.084,-269.292,-507.299
2026-08-24T17:27:25.709,58.315,256.847,249.254,25.633,3.737,69,458,952,-256,-390,-342,-90.252,-386.221,-415.613
2026-08-24T17:27:25.964,58.571,257.903,6.513,39.365,12.790,237,679,793,-244,-372,-373,-78.218,-364.961,-442.427
2026-08-24T17:27:26.219,58.826,252.925,258.055,17.311,7.369,125,290,922,-255,-309,-398,-89.249,-290.552,-464.051
2026-08-24T17:27:26.475,59.082,237.734,248.468,7.744,10.118,176,135,977,-311,-258,-372,-145.405,-230.315,-441.562
2026-08-24T17:27:26.731,59.337,239.228,253.327,9.261,22.653,359,150,847,-375,-361,-178,-209.584,-351.969,-273.760
2026-08-24T17:27:26.986,59.593,178.833,136.303,18.813,43.269,610,287,581,-455,-58,-33,-289.808,5.906,-148.341
2026-08-24T17:27:27.242,59.848,141.154,115.065,-20.920,58.886,832,-347,363,-400,97,30,-234.654,188.977,-93.848
2026-08-24T17:27:27.497,60.104,91.035,94.242,-61.032,23.988,329,-708,-213,-173,266,163,-7.020,388.583,21.192
2026-08-24T17:27:27.753,60.360,159.456,153.221,-42.788,44.526,703,-681,-217,-210,-49,358,-44.123,16.535,189.859
2026-08-24T17:27:28.009,60.615,333.942,334.396,-11.958,36.640,746,-259,-969,335,-271,283,502.401,-245.670,124.987
2026-08-24T17:27:28.264,60.871,359.679,359.869,-3.312,1.986,42,-70,-1209,465,-66,155,632.764,-3.543,14.272
2026-08-24T17:27:28.520,61.126,347.268,277.984,-2.347,-61.793,-990,-46,-529,496,-190,-240,663.851,-150.000,-327.387
2026-08-24T17:27:28.775,61.382,341.883,195.281,-2.484,-87.368,-922,-40,14,230,-173,-510,397.107,-129.921,-560.927
2026-08-24T17:27:29.031,61.637,318.356,215.579,-7.073,-42.190,-660,-121,718,-15,-177,-534,151.422,-134.646,-581.686
2026-08-24T17:27:29.286,61.893,292.589,225.671,-6.665,-23.116,-389,-115,904,-117,-163,-511,49.137,-118.110,-561.792
2026-08-24T17:27:29.542,62.148,247.725,231.685,0.927,-4.967,-91,17,1047,-221,-177,-461,-55.154,-134.646,-518.544
2026-08-24T17:27:29.797,62.404,232.878,250.955,0.329,7.526,137,6,1037,-281,-192,-415,-115.322,-152.362,-478.755
2026-08-24T17:27:30.053,62.660,293.124,292.416,-2.123,0.574,10,-37,998,-81,-232,-512,85.238,-199.607,-562.657
2026-08-24T17:27:30.313,62.919,330.878,227.886,11.969,-61.728,-637,150,308,371,-317,-376,538.501,-300.001,-445.022
2026-08-24T17:27:30.568,63.175,343.929,339.361,-2.226,-40.834,-707,-42,-817,435,-210,210,602.680,-173.622,61.845
2026-08-24T17:27:30.824,63.430,5.343,14.247,-27.814,-11.245,-224,-536,-991,174,-36,387,340.951,31.890,214.943
2026-08-24T17:27:31.079,63.686,51.008,65.694,-30.132,10.180,219,-622,-1049,-2,109,358,164.458,203.150,189.859
2026-08-24T17:27:31.335,63.942,103.239,81.133,-51.517,34.717,486,-668,-214,-258,269,-47,-92.257,392.127,-160.450
2026-08-24T17:27:31.590,64.197,114.821,41.317,-21.604,67.223,601,-240,78,-306,194,-204,-140.391,303.544,-296.249
2026-08-24T17:27:31.846,64.453,74.427,11.200,-12.190,33.206,485,-187,717,-123,68,-466,43.120,154.725,-522.868
2026-08-24T17:27:32.102,64.708,7.398,47.939,18.877,5.018,83,307,894,-39,-49,-521,127.355,16.535,-570.441
2026-08-24T17:27:32.357,64.963,1.533,39.973,16.193,5.914,109,295,1010,-34,-60,-532,132.369,3.543,-579.956
2026-08-24T17:27:32.613,65.219,352.212,51.896,24.281,1.559,27,408,904,-11,-81,-535,155.433,-21.260,-582.551
2026-08-24T17:27:32.868,65.475,335.501,66.634,24.969,-8.484,-144,412,873,2,-128,-539,168.470,-76.772,-586.010
2026-08-24T17:27:33.123,65.730,328.564,84.362,29.013,-5.581,-79,394,706,-87,-104,-521,79.221,-48.425,-570.441
2026-08-24T17:27:33.379,65.985,79.053,71.839,20.601,13.629,148,221,569,-89,275,-287,77.215,399.213,-368.041
2026-08-24T17:27:33.634,66.240,37.033,17.205,-73.723,-0.333,-6,-990,-289,268,215,193,435.213,328.347,47.140
2026-08-24T17:27:33.889,66.496,13.255,9.798,-58.883,-14.419,-226,-777,-411,294,29,314,461.286,108.662,151.801
2026-08-24T17:27:34.145,66.751,343.372,343.570,-29.115,-31.703,-634,-587,-842,256,-170,367,423.180,-126.378,197.643
2026-08-24T17:27:34.400,67.007,351.997,353.309,-27.694,-30.963,-569,-514,-797,211,-108,389,378.054,-53.150,216.673
2026-08-24T17:27:34.655,67.262,341.603,344.518,-25.011,-30.063,-532,-449,-802,220,-172,381,387.079,-128.740,209.753
2026-08-24T17:27:34.911,67.518,346.643,349.346,-24.451,-29.403,-529,-446,-826,211,-139,385,378.054,-89.764,213.213
2026-08-24T17:27:35.167,67.773,345.638,347.547,-23.524,-29.737,-512,-412,-796,225,-148,378,392.093,-100.394,207.158
2026-08-24T17:27:35.423,68.030,342.387,345.739,-23.237,-30.109,-548,-431,-841,205,-163,386,372.037,-118.110,214.078
2026-08-24T17:27:35.681,68.287,345.386,347.158,-22.880,-29.711,-515,-404,-807,227,-150,376,394.099,-102.756,205.428
2026-08-24T17:27:35.936,68.543,344.927,348.583,-23.137,-29.433,-514,-411,-813,197,-146,391,364.015,-98.032,218.402
2026-08-24T17:27:36.192,68.798,335.083,341.951,-29.156,-33.794,-556,-487,-673,156,-190,397,322.900,-150.000,223.592
2026-08-24T17:27:36.447,69.054,339.553,358.102,-16.649,-26.697,-541,-345,-1019,-27,-107,410,139.389,-51.969,234.837
2026-08-24T17:27:36.703,69.309,305.564,353.462,-15.706,3.094,63,-316,-1122,-118,-120,395,48.134,-67.323,221.862
2026-08-24T17:27:36.958,69.565,210.494,146.509,-16.829,21.665,329,-258,-787,-170,-65,379,-4.011,-2.362,208.023
2026-08-24T17:27:37.214,69.820,239.604,214.447,-13.149,28.099,441,-213,-798,-242,-173,334,-76.212,-129.921,169.100
2026-08-24T17:27:37.469,70.076,87.396,118.354,-19.812,36.660,643,-365,-783,-160,49,325,6.017,132.284,161.315
2026-08-24T17:27:37.725,70.331,49.668,69.334,-43.872,12.892,207,-643,-636,48,151,448,214.598,252.756,267.705
2026-08-24T17:27:37.980,70.587,33.751,41.955,-28.242,-9.391,-180,-522,-955,183,135,613,349.976,233.859,410.424
2026-08-24T17:27:38.235,70.842,36.680,42.084,-29.749,-10.277,-215,-598,-1024,223,183,594,390.088,290.552,393.989
2026-08-24T17:27:38.492,71.099,38.250,34.837,-22.986,-22.354,-411,-422,-906,209,188,438,376.048,296.457,259.056
2026-08-24T17:27:38.747,71.354,36.799,32.615,-21.031,-25.768,-470,-388,-893,204,172,463,371.034,277.560,280.680
2026-08-24T17:27:39.003,71.610,35.564,31.226,-20.495,-27.202,-487,-373,-871,203,161,507,370.032,264.567,318.738
2026-08-24T17:27:39.258,71.865,37.574,33.049,-19.498,-26.466,-470,-352,-876,206,180,428,373.040,287.008,250.406
2026-08-24T17:27:39.513,72.120,35.397,31.129,-19.719,-26.937,-482,-359,-878,197,156,484,364.015,258.662,298.844
2026-08-24T17:27:39.769,72.376,36.538,32.009,-19.823,-27.042,-488,-364,-884,198,166,466,365.018,270.473,283.274
2026-08-24T17:27:40.024,72.631,36.626,32.091,-19.177,-27.007,-488,-353,-890,200,168,447,367.023,272.835,266.840
2026-08-24T17:27:40.280,72.887,35.273,30.970,-19.603,-27.133,-488,-359,-882,197,155,490,364.015,257.481,304.033
2026-08-24T17:27:40.540,73.147,36.961,32.375,-19.103,-27.041,-489,-352,-891,194,167,451,361.006,271.654,270.300
2026-08-24T17:27:40.796,73.402,35.869,31.348,-19.255,-27.386,-491,-352,-880,194,158,469,361.006,261.024,285.869
2026-08-24T17:27:41.051,73.658,35.718,31.359,-19.356,-26.984,-486,-355,-886,196,158,474,363.012,261.024,290.194
2026-08-24T17:27:41.307,73.914,37.081,32.418,-18.918,-27.247,-490,-347,-886,194,168,455,361.006,272.835,273.760
2026-08-24T17:27:41.562,74.169,35.821,31.419,-19.184,-27.077,-489,-353,-889,193,157,476,360.004,259.843,291.924
2026-08-24T17:27:41.818,74.424,36.885,32.260,-19.031,-27.211,-488,-348,-883,195,167,459,362.009,271.654,277.220
2026-08-24T17:27:42.073,74.680,36.613,32.060,-18.803,-27.124,-488,-345,-888,197,166,464,364.015,270.473,281.545
2026-08-24T17:27:42.329,74.935,36.721,32.146,-19.024,-27.140,-487,-348,-884,194,165,472,361.006,269.292,288.464
2026-08-24T17:27:42.584,75.191,36.677,32.157,-19.163,-26.973,-485,-351,-886,193,164,460,360.004,268.111,278.085
2026-08-24T17:27:42.839,75.446,36.266,31.755,-19.078,-27.172,-489,-350,-886,192,160,471,359.001,263.386,287.599
2026-08-24T17:27:43.095,75.702,37.072,32.403,-18.945,-27.263,-491,-348,-887,191,166,465,357.998,270.473,282.409
2026-08-24T17:27:43.351,75.957,37.149,32.528,-18.696,-27.083,-490,-345,-894,190,166,462,356.995,270.473,279.815
2026-08-24T17:27:43.606,76.213,36.741,32.220,-18.968,-26.973,-487,-349,-891,189,162,475,355.992,265.748,291.059
2026-08-24T17:27:43.862,76.468,36.819,32.312,-18.625,-26.881,-487,-344,-897,188,162,464,354.990,265.748,281.545
2026-08-24T17:27:44.117,76.724,36.496,32.000,-18.728,-27.010,-488,-345,-893,189,160,469,355.992,263.386,285.869
2026-08-24T17:27:44.372,76.979,36.574,32.078,-18.569,-26.966,-487,-342,-894,188,160,471,354.990,263.386,287.599
2026-08-24T17:27:44.628,77.235,36.807,32.253,-18.551,-27.032,-490,-343,-897,185,160,466,351.981,263.386,283.274
2026-08-24T17:27:44.883,77.490,36.295,31.824,-18.666,-27.037,-490,-345,-896,182,154,473,348.973,256.300,289.329
2026-08-24T17:27:45.139,77.746,36.326,31.870,-18.647,-26.974,-488,-344,-895,180,153,468,346.967,255.119,285.004
2026-08-24T17:27:45.394,78.001,36.024,31.533,-18.428,-27.221,-492,-340,-894,179,150,473,345.965,251.575,289.329
2026-08-24T17:27:45.655,78.262,36.470,31.940,-18.610,-27.123,-490,-343,-893,175,151,475,341.953,252.756,291.059
2026-08-24T17:27:45.911,78.517,35.895,31.484,-18.733,-27.069,-486,-343,-887,179,149,471,345.965,250.394,287.599
2026-08-24T17:27:46.166,78.773,36.358,31.802,-18.442,-27.244,-492,-340,-893,178,152,477,344.962,253.937,292.789
2026-08-24T17:27:46.423,79.030,36.004,31.471,-18.582,-27.372,-492,-341,-887,176,148,473,342.956,249.213,289.329
2026-08-24T17:27:46.679,79.285,36.164,31.631,-18.626,-27.293,-491,-342,-888,174,148,475,340.951,249.213,291.059
2026-08-24T17:27:46.934,79.541,36.374,31.796,-18.745,-27.328,-490,-343,-884,173,149,475,339.948,250.394,291.059
2026-08-24T17:27:47.190,79.797,36.536,32.053,-18.580,-26.948,-485,-341,-891,171,149,476,337.942,250.394,291.924
2026-08-24T17:27:47.446,80.052,36.066,31.636,-18.576,-27.036,-488,-342,-893,172,146,477,338.945,246.851,292.789
2026-08-24T17:27:47.702,80.308,36.164,31.694,-18.323,-27.080,-488,-337,-893,174,148,473,340.951,249.213,289.329
2026-08-24T17:27:47.957,80.564,36.164,31.804,-18.057,-26.717,-483,-333,-900,174,148,478,340.951,249.213,293.654
2026-08-24T17:27:48.213,80.820,36.146,31.681,-18.414,-27.081,-490,-340,-896,171,146,480,337.942,246.851,295.384
2026-08-24T17:27:48.468,81.075,36.584,32.055,-18.306,-27.028,-489,-338,-897,172,150,478,338.945,251.575,293.654
2026-08-24T17:27:48.723,81.330,36.734,32.186,-18.432,-27.015,-487,-339,-893,167,148,477,333.931,249.213,292.789
2026-08-24T17:27:48.979,81.586,36.122,31.714,-18.253,-26.906,-484,-335,-893,160,139,482,326.911,238.583,297.114
2026-08-24T17:27:49.234,81.841,35.904,31.543,-18.280,-26.894,-486,-337,-897,161,138,481,327.914,237.402,296.249
2026-08-24T17:27:49.490,82.097,35.492,31.180,-18.339,-26.984,-486,-337,-893,166,138,481,332.928,237.402,296.249
2026-08-24T17:27:49.745,82.352,35.488,31.140,-18.202,-27.062,-485,-333,-889,171,141,479,337.942,240.945,294.519
2026-08-24T17:27:50.001,82.608,35.638,31.332,-18.444,-26.878,-483,-338,-891,179,147,479,345.965,248.032,294.519
2026-08-24T17:27:50.256,82.863,36.013,31.515,-18.351,-27.243,-490,-337,-890,184,153,472,350.978,255.119,288.464
2026-08-24T17:27:50.512,83.119,36.886,32.243,-18.495,-27.265,-491,-340,-890,184,160,467,350.978,263.386,284.139
2026-08-24T17:27:50.768,83.375,37.184,32.541,-18.236,-27.120,-488,-335,-892,188,165,468,354.990,269.292,285.004
2026-08-24T17:27:51.024,83.631,37.619,32.909,-18.077,-27.104,-486,-331,-890,184,166,468,350.978,270.473,285.004
2026-08-24T17:27:51.279,83.886,37.582,32.919,-18.032,-26.977,-488,-333,-899,186,167,469,352.984,271.654,285.869
2026-08-24T17:27:51.535,84.142,37.219,32.544,-18.359,-27.196,-489,-337,-890,186,164,470,352.984,268.111,286.734
2026-08-24T17:27:51.790,84.397,37.009,32.386,-18.106,-27.120,-487,-332,-891,184,161,471,350.978,264.567,287.599
2026-08-24T17:27:52.046,84.652,37.419,32.783,-17.809,-26.947,-486,-328,-898,185,165,471,351.981,269.292,287.599
2026-08-24T17:27:52.302,84.908,37.097,32.497,-18.135,-27.019,-486,-333,-893,186,163,468,352.984,266.930,285.004
2026-08-24T17:27:52.557,85.164,36.930,32.306,-18.177,-27.176,-489,-334,-892,185,161,469,351.981,264.567,285.869
